0 0 67 21
0 1 67 27
0 2 67 25
0 3 66 20
0 4 71 21
0 5 73 19
0 6 66 27
0 7 71 14
0 8 67 26
0 9 69 21
0 10 69 23
0 11 68 23
0 12 64 21
0 13 65 24
0 14 64 23
0 15 68 20
0 16 66 26
0 17 73 17
0 18 67 19
0 19 65 20
0 20 72 20
0 21 73 13
0 22 71 18
0 23 71 22
0 24 69 25
0 25 64 22
0 26 64 29
0 27 64 22
1 0 71 15
1 1 72 16
1 2 71 18
1 3 69 25
1 4 67 23
1 5 68 26
1 6 65 28
1 7 66 20
1 8 72 15
1 9 67 21
1 10 65 22
1 11 70 18
1 12 64 25
1 13 71 21
1 14 71 14
1 15 68 19
1 16 70 17
1 17 71 21
1 18 67 22
1 19 70 15
1 20 71 15
1 21 65 29
1 22 70 23
1 23 67 19
1 24 72 21
1 25 66 27
1 26 64 26
1 27 71 14
2 0 69 21
2 1 64 24
2 2 67 20
2 3 64 24
2 4 70 23
2 5 68 24
2 6 73 15
2 7 64 22
2 8 67 22
2 9 66 24
2 10 71 20
2 11 66 19
2 12 66 28
2 13 71 15
2 14 71 19
2 15 64 22
2 16 72 20
2 17 71 20
2 18 68 22
2 19 68 21
2 20 67 27
2 21 71 20
2 22 71 20
2 23 73 12
2 24 71 16
2 25 71 18
2 26 66 24
2 27 66 24
3 0 71 17
3 1 69 19
3 2 73 13
3 3 73 12
3 4 65 24
3 5 65 28
3 6 66 26
3 7 64 27
3 8 65 22
3 9 69 19
3 10 65 21
3 11 69 24
3 12 73 16
3 13 65 20
3 14 65 25
3 15 65 27
3 16 72 18
3 17 68 18
3 18 65 22
3 19 65 21
3 20 67 20
3 21 68 17
3 22 73 21
3 23 65 25
3 24 65 21
3 25 72 22
3 26 72 14
3 27 72 13
4 0 64 24
4 1 64 21
4 2 65 25
4 3 64 21
4 4 73 19
4 5 70 17
4 6 70 18
4 7 72 19
4 8 70 18
4 9 64 23
4 10 68 17
4 11 66 23
4 12 67 22
4 13 67 24
4 14 70 24
4 15 67 27
4 16 66 22
4 17 68 18
4 18 70 23
4 19 71 16
4 20 72 14
4 21 66 27
4 22 73 21
4 23 67 21
4 24 69 16
4 25 69 20
4 26 71 21
4 27 64 28
5 0 64 24
5 1 67 23
5 2 65 29
5 3 64 24
5 4 72 16
5 5 67 23
5 6 71 23
5 7 64 22
5 8 66 24
5 9 67 27
5 10 66 28
5 11 71 19
5 12 67 25
5 13 67 19
5 14 69 18
5 15 73 17
5 16 67 27
5 17 69 23
5 18 65 20
5 19 69 25
5 20 72 21
5 21 65 26
5 22 65 29
5 23 69 17
5 24 68 24
5 25 64 22
5 26 71 15
5 27 67 23
6 0 73 18
6 1 72 18
6 2 73 21
6 3 71 23
6 4 67 26
6 5 70 23
6 6 68 20
6 7 69 22
6 8 66 19
6 9 69 22
6 10 70 24
6 11 64 24
6 12 65 23
6 13 67 25
6 14 72 15
6 15 67 27
6 16 72 14
6 17 67 25
6 18 68 20
6 19 73 17
6 20 71 21
6 21 67 25
6 22 70 17
6 23 64 25
6 24 67 19
6 25 67 18
6 26 71 14
6 27 72 14
7 0 66 28
7 1 73 19
7 2 68 23
7 3 73 15
7 4 70 23
7 5 66 27
7 6 65 21
7 7 67 19
7 8 70 23
7 9 67 23
7 10 72 13
7 11 70 19
7 12 69 20
7 13 72 17
7 14 70 19
7 15 69 20
7 16 69 24
7 17 73 17
7 18 72 17
7 19 67 20
7 20 73 13
7 21 65 25
7 22 69 25
7 23 66 21
7 24 67 25
7 25 68 21
7 26 67 27
7 27 72 19
8 0 65 29
8 1 67 23
8 2 71 17
8 3 68 24
8 4 72 16
8 5 70 24
8 6 68 22
8 7 67 27
8 8 73 12
8 9 66 23
8 10 65 28
8 11 67 23
8 12 67 22
8 13 66 26
8 14 69 25
8 15 68 19
8 16 73 12
8 17 64 22
8 18 65 22
8 19 68 25
8 20 73 16
8 21 68 23
8 22 65 23
8 23 66 21
8 24 73 18
8 25 71 17
8 26 72 15
8 27 73 21
9 0 69 23
9 1 64 23
9 2 65 20
9 3 73 15
9 4 71 19
9 5 68 21
9 6 64 22
9 7 65 23
9 8 73 13
9 9 72 17
9 10 72 16
9 11 70 19
9 12 5490 18
9 13 72 14
9 14 69 24
9 15 69 17
9 16 67 21
9 17 72 21
9 18 66 20
9 19 64 30
9 20 71 20
9 21 64 26
9 22 68 19
9 23 72 15
9 24 70 23
9 25 72 21
9 26 65 25
9 27 72 16
10 0 65 26
10 1 69 17
10 2 65 20
10 3 68 17
10 4 64 22
10 5 72 21
10 6 72 14
10 7 73 21
10 8 69 18
10 9 64 28
10 10 66 22
10 11 64 21
10 12 5494 15
10 13 73 19
10 14 70 24
10 15 71 23
10 16 66 27
10 17 68 23
10 18 65 24
10 19 69 25
10 20 64 28
10 21 66 25
10 22 65 21
10 23 70 18
10 24 66 25
10 25 70 15
10 26 68 19
10 27 72 18
11 0 64 30
11 1 65 24
11 2 65 20
11 3 73 20
11 4 64 27
11 5 68 19
11 6 69 17
11 7 71 17
11 8 66 21
11 9 67 23
11 10 68 24
11 11 73 17
11 12 5496 13
11 13 68 23
11 14 71 15
11 15 65 27
11 16 72 17
11 17 69 21
11 18 68 18
11 19 73 17
11 20 69 19
11 21 71 20
11 22 72 22
11 23 66 27
11 24 66 19
11 25 70 18
11 26 66 20
11 27 69 20
12 0 72 21
12 1 69 16
12 2 64 25
12 3 73 17
12 4 64 30
12 5 71 16
12 6 72 15
12 7 71 15
12 8 68 19
12 9 70 17
12 10 67 18
12 11 66 24
12 12 5494 7
12 13 71 18
12 14 65 26
12 15 70 15
12 16 70 22
12 17 68 24
12 18 70 23
12 19 64 25
12 20 67 22
12 21 66 19
12 22 69 21
12 23 72 18
12 24 66 25
12 25 73 20
12 26 66 22
12 27 67 26
13 0 68 20
13 1 73 14
13 2 64 29
13 3 69 20
13 4 72 18
13 5 65 22
13 6 73 13
13 7 72 20
13 8 64 21
13 9 66 19
13 10 70 19
13 11 64 22
13 12 5490 13
13 13 71 20
13 14 69 17
13 15 69 23
13 16 64 26
13 17 73 15
13 18 70 17
13 19 67 20
13 20 69 17
13 21 67 23
13 22 66 25
13 23 71 17
13 24 69 25
13 25 64 24
13 26 72 17
13 27 65 28
14 0 72 22
14 1 73 19
14 2 71 17
14 3 72 15
14 4 66 19
14 5 72 17
14 6 71 18
14 7 66 19
14 8 67 26
14 9 69 19
14 10 67 22
14 11 70 15
14 12 5492 17
14 13 71 23
14 14 72 17
14 15 72 15
14 16 72 15
14 17 69 20
14 18 72 16
14 19 71 17
14 20 64 30
14 21 68 26
14 22 67 27
14 23 69 22
14 24 65 20
14 25 65 23
14 26 71 16
14 27 64 22
15 0 68 23
15 1 73 18
15 2 70 21
15 3 64 29
15 4 65 21
15 5 65 28
15 6 71 15
15 7 71 23
15 8 70 19
15 9 72 21
15 10 70 21
15 11 66 26
15 12 5498 9
15 13 72 16
15 14 71 16
15 15 73 12
15 16 69 20
15 17 68 21
15 18 73 21
15 19 69 17
15 20 68 19
15 21 72 16
15 22 66 19
15 23 72 17
15 24 70 22
15 25 67 20
15 26 72 15
15 27 66 21
16 0 70 18
16 1 69 24
16 2 64 25
16 3 72 15
16 4 69 24
16 5 65 20
16 6 68 24
16 7 71 16
16 8 72 16
16 9 66 28
16 10 64 22
16 11 68 23
16 12 5490 17
16 13 71 17
16 14 66 21
16 15 72 21
16 16 66 23
16 17 67 24
16 18 71 22
16 19 65 26
16 20 68 20
16 21 71 23
16 22 64 25
16 23 71 15
16 24 66 20
16 25 65 26
16 26 67 20
16 27 64 30
17 0 73 19
17 1 70 15
17 2 73 17
17 3 73 16
17 4 64 25
17 5 71 18
17 6 71 19
17 7 68 17
17 8 73 20
17 9 69 17
17 10 65 20
17 11 64 22
17 12 5490 18
17 13 70 18
17 14 68 20
17 15 70 22
17 16 73 18
17 17 68 19
17 18 68 26
17 19 71 19
17 20 64 24
17 21 72 22
17 22 71 17
17 23 66 20
17 24 65 24
17 25 70 24
17 26 65 28
17 27 71 20
18 0 67 26
18 1 68 25
18 2 68 26
18 3 67 25
18 4 71 23
18 5 67 25
18 6 69 20
18 7 73 17
18 8 67 24
18 9 64 30
18 10 72 20
18 11 69 19
18 12 5495 7
18 13 71 15
18 14 72 20
18 15 70 23
18 16 66 23
18 17 68 21
18 18 72 17
18 19 72 16
18 20 67 24
18 21 70 18
18 22 73 21
18 23 67 26
18 24 71 14
18 25 70 16
18 26 70 23
18 27 64 29
19 0 72 22
19 1 72 18
19 2 64 26
19 3 64 22
19 4 67 26
19 5 64 27
19 6 65 29
19 7 65 27
19 8 70 18
19 9 69 18
19 10 65 27
19 11 67 21
19 12 5495 9
19 13 69 24
19 14 65 25
19 15 68 24
19 16 68 17
19 17 64 27
19 18 68 23
19 19 65 25
19 20 68 21
19 21 68 25
19 22 68 21
19 23 69 17
19 24 71 19
19 25 65 25
19 26 67 20
19 27 69 20
20 0 71 19
20 1 72 17
20 2 69 24
20 3 68 20
20 4 73 13
20 5 64 25
20 6 67 24
20 7 70 24
20 8 67 19
20 9 64 23
20 10 67 22
20 11 72 14
20 12 5498 7
20 13 67 24
20 14 69 22
20 15 72 20
20 16 70 19
20 17 70 20
20 18 73 19
20 19 71 18
20 20 68 22
20 21 64 28
20 22 68 26
20 23 70 22
20 24 72 19
20 25 72 14
20 26 72 22
20 27 64 23
21 0 70 17
21 1 67 21
21 2 64 27
21 3 73 19
21 4 68 17
21 5 71 19
21 6 73 15
21 7 64 29
21 8 66 25
21 9 65 27
21 10 70 15
21 11 71 18
21 12 5492 11
21 13 72 16
21 14 73 19
21 15 69 24
21 16 67 23
21 17 65 20
21 18 68 18
21 19 73 21
21 20 73 12
21 21 68 24
21 22 70 15
21 23 69 20
21 24 65 27
21 25 65 28
21 26 65 21
21 27 69 19
22 0 65 20
22 1 68 20
22 2 67 23
22 3 68 17
22 4 70 17
22 5 71 16
22 6 68 21
22 7 67 18
22 8 73 21
22 9 70 23
22 10 70 24
22 11 65 23
22 12 5495 12
22 13 69 19
22 14 65 25
22 15 65 20
22 16 64 24
22 17 72 22
22 18 70 15
22 19 73 12
22 20 64 27
22 21 68 17
22 22 70 21
22 23 66 20
22 24 65 26
22 25 70 15
22 26 70 19
22 27 68 26
23 0 70 20
23 1 64 24
23 2 64 22
23 3 68 22
23 4 70 24
23 5 66 26
23 6 65 29
23 7 73 15
23 8 68 20
23 9 66 24
23 10 69 17
23 11 72 18
23 12 5491 17
23 13 70 21
23 14 70 24
23 15 70 20
23 16 69 17
23 17 70 22
23 18 71 18
23 19 66 20
23 20 68 21
23 21 69 21
23 22 73 17
23 23 66 19
23 24 72 13
23 25 73 17
23 26 68 25
23 27 67 20
24 0 64 22
24 1 71 21
24 2 67 26
24 3 67 23
24 4 71 16
24 5 70 19
24 6 72 20
24 7 69 20
24 8 68 18
24 9 70 15
24 10 65 21
24 11 70 19
24 12 5494 8
24 13 72 14
24 14 66 22
24 15 64 30
24 16 66 19
24 17 64 29
24 18 67 22
24 19 68 19
24 20 67 19
24 21 65 23
24 22 0 86
24 23 65 23
24 24 68 23
24 25 72 16
24 26 65 26
24 27 70 19
25 0 69 19
25 1 73 16
25 2 73 21
25 3 71 14
25 4 66 28
25 5 64 27
25 6 69 19
25 7 67 25
25 8 69 20
25 9 71 20
25 10 64 27
25 11 68 19
25 12 5492 10
25 13 68 24
25 14 66 25
25 15 67 19
25 16 73 17
25 17 65 23
25 18 67 20
25 19 69 18
25 20 64 30
25 21 65 25
25 22 68 24
25 23 65 23
25 24 66 28
25 25 64 25
25 26 70 23
25 27 70 24
26 0 73 13
26 1 72 19
26 2 70 24
26 3 69 22
26 4 67 22
26 5 69 18
26 6 73 18
26 7 70 22
26 8 70 21
26 9 69 23
26 10 66 25
26 11 65 27
26 12 5492 15
26 13 71 19
26 14 70 20
26 15 70 17
26 16 69 16
26 17 64 27
26 18 73 14
26 19 65 26
26 20 70 17
26 21 73 14
26 22 71 21
26 23 71 22
26 24 70 19
26 25 71 23
26 26 71 22
26 27 66 27
27 0 73 17
27 1 66 23
27 2 70 15
27 3 73 16
27 4 64 25
27 5 72 18
27 6 66 23
27 7 72 16
27 8 68 24
27 9 73 12
27 10 69 19
27 11 73 17
27 12 5497 8
27 13 67 27
27 14 67 21
27 15 65 24
27 16 66 23
27 17 73 15
27 18 68 23
27 19 64 24
27 20 64 23
27 21 64 21
27 22 71 15
27 23 67 19
27 24 69 20
27 25 67 25
27 26 65 20
27 27 70 15
28 0 70 20
28 1 64 24
28 2 70 22
28 3 69 24
28 4 70 21
28 5 68 24
28 6 73 20
28 7 65 21
28 8 65 28
28 9 69 23
28 10 73 15
28 11 65 21
28 12 5495 7
28 13 67 25
28 14 71 23
28 15 67 20
28 16 65 27
28 17 69 21
28 18 70 20
28 19 67 25
28 20 73 18
28 21 73 15
28 22 65 27
28 23 65 22
28 24 67 22
28 25 66 26
28 26 64 21
28 27 73 18
29 0 69 18
29 1 68 20
29 2 72 13
29 3 71 18
29 4 68 24
29 5 65 22
29 6 72 15
29 7 72 15
29 8 72 22
29 9 65 25
29 10 69 16
29 11 66 19
29 12 5498 8
29 13 67 27
29 14 73 16
29 15 69 20
29 16 73 14
29 17 65 27
29 18 73 21
29 19 69 25
29 20 71 15
29 21 64 22
29 22 69 23
29 23 72 15
29 24 70 16
29 25 64 28
29 26 73 20
29 27 67 20
30 0 68 20
30 1 69 16
30 2 64 23
30 3 64 27
30 4 66 25
30 5 71 17
30 6 71 15
30 7 68 23
30 8 69 19
30 9 72 22
30 10 68 19
30 11 71 19
30 12 5493 12
30 13 71 14
30 14 65 28
30 15 73 19
30 16 72 17
30 17 69 20
30 18 65 29
30 19 65 22
30 20 65 22
30 21 72 21
30 22 72 15
30 23 65 29
30 24 64 26
30 25 69 16
30 26 67 20
30 27 70 19
31 0 68 21
31 1 69 22
31 2 68 23
31 3 73 12
31 4 65 24
31 5 71 15
31 6 66 28
31 7 65 29
31 8 64 22
31 9 69 21
31 10 70 24
31 11 73 13
31 12 5498 10
31 13 73 18
31 14 71 23
31 15 66 24
31 16 68 25
31 17 64 23
31 18 66 25
31 19 66 24
31 20 67 19
31 21 69 20
31 22 66 22
31 23 71 19
31 24 73 16
31 25 64 23
31 26 71 22
31 27 73 15
